0 1585514392.3783185 1585514392.378539
1 1585514392.3785517 1585514396.651693
2 1585514396.5045552 1585514397.0947695
3 1585514397.0009255 1585514398.4858925
4 1585514398.429579 1585514403.3488302
5 1585514403.2489324 1585514403.8639557
6 1585514403.6800332 1585514404.7343273
7 1585514404.5048106 1585514407.490109
8 1585514407.3408432 1585514407.6881607
9 1585514407.5683584 1585514409.497566
10 1585514409.2198236 1585514413.9465804
11 1585514413.8172114 1585514424.877177
12 1585514424.846886 1585514425.1266212
13 1585514425.0524533 1585514429.1642218
14 1585514429.1811144 1585514429.303738
15 1585514429.3599916 1585514431.3471649
16 1585514431.1325333 1585514435.9025123
17 1585514435.1464503 1585514436.1877866
18 1585514435.3513627 1585514443.0034268
19 1585514442.7684774 1585514458.5023808
20 1585514458.2043679 1585514470.3769531
21 1585514470.1537266 1585514473.7868667
22 1585514473.6325288 1585514477.5867786
23 1585514477.3712616 1585514490.1614406
24 1585514489.886765 1585514495.792497
25 1585514495.6881955 1585514503.2766118
26 1585514502.9519112 1585514511.1381834
27 1585514510.9801164 1585514519.8549516
28 1585514519.7652602 1585514524.285401
29 1585514523.1070008 1585514525.0351331
30 1585514523.8665948 1585514534.6239073
31 1585514534.5215251 1585514549.229635
32 1585514548.6339328 1585514560.8928096
33 1585514560.5322137 1585514567.3355725
34 1585514566.8168325 1585514581.4357367
35 1585514581.1098394 1585514589.0497026
36 1585514588.9418385 1585514598.935699
37 1585514598.8613486 1585514612.8866096
38 1585514612.6710684 1585514624.0158508
39 1585514623.9573503 1585514636.8306534
40 1585514636.509031 1585514653.8062017
41 1585514652.1144087 1585514669.9393365
42 1585514669.7203279 1585514686.6206489
43 1585514685.1967833 1585514700.9332004
44 1585514700.832536 1585514715.9151437
45 1585514715.8503034 1585514729.7526834
46 1585514729.6323748 1585514745.632437
47 1585514745.4668744 1585514759.7720652
48 1585514759.3552203 1585514784.466132
49 1585514784.2415724 1585514790.309983
50 1585514790.348977 1585514814.6414592
51 1585514814.3648672 1585514836.0078032
52 1585514835.7078729 1585514854.2837813
53 1585514853.8347983 1585514863.4025414
54 1585514863.0370588 1585514883.8137603
55 1585514883.5375984 1585514893.1721401
56 1585514893.1749136 1585514906.1688235
57 1585514905.9319284 1585514924.660214
58 1585514924.3851323 1585514939.4371874
59 1585514939.3198698 1585514950.7454562
60 1585514950.5989993 1585514961.1382353
61 1585514961.056439 1585514988.353646
62 1585514988.0800066 1585515014.374562
63 1585515014.326227 1585515040.588105
64 1585515040.3499331 1585515053.8839586
65 1585515053.9351773 1585515063.17811
66 1585515062.9480639 1585515087.1958632
67 1585515087.1089997 1585515103.0703251
68 1585515102.963272 1585515134.0194526
69 1585515133.6311069 1585515153.2269518
70 1585515153.176964 1585515166.18759
71 1585515165.7957492 1585515180.7584097
72 1585515180.618898 1585515211.6735485
73 1585515211.2958832 1585515234.5352435
74 1585515234.3048732 1585515248.653858
