id3 5 1585514395.6497083 1585514397.0947788
id1 1 1585514396.8460252 1585514398.4858937
id0 5 1585514397.0914667 1585514398.485895
id2 2 1585514397.265168 1585514398.4858956
id1 9 1585514398.5258343 1585514403.348832
id0 1 1585514398.814542 1585514403.8639584
id3 5 1585514403.3718185 1585514404.7343295
id3 4 1585514403.7272491 1585514404.7343304
id0 3 1585514403.9374332 1585514407.4901102
id1 6 1585514404.6135328 1585514407.4901109
id0 9 1585514404.8136094 1585514407.4901116
id3 9 1585514405.035773 1585514407.4901118
id1 8 1585514405.3483157 1585514407.4901123
id0 1 1585514407.4180899 1585514407.6881633
id2 3 1585514407.4668672 1585514407.6881635
id0 4 1585514407.7368917 1585514409.497567
id0 7 1585514407.8432693 1585514409.4975674
id0 8 1585514407.9292727 1585514409.497568
id2 4 1585514408.0208733 1585514409.4975686
id3 8 1585514408.4650686 1585514409.4975688
id3 2 1585514409.3669667 1585514413.9465814
id3 6 1585514409.7297316 1585514413.946583
id2 8 1585514413.9347787 1585514425.126623
id1 5 1585514424.9638264 1585514429.3037398
id1 2 1585514429.4279003 1585514431.3471682
id1 1 1585514431.2024865 1585514435.9025147
id2 4 1585514431.6618023 1585514435.902515
id1 6 1585514435.1564333 1585514443.0034277
id2 8 1585514435.394719 1585514443.0034287
id1 4 1585514435.4480734 1585514443.0034294
id0 4 1585514435.48245 1585514443.00343
id2 1 1585514435.5421126 1585514443.0034304
id1 6 1585514442.8441114 1585514458.5023842
id3 9 1585514442.9634926 1585514458.5023847
id2 5 1585514458.3491778 1585514473.7868698
id2 1 1585514473.6502602 1585514490.1614416
id0 4 1585514477.4370165 1585514495.7924979
id3 9 1585514490.1186087 1585514503.2766144
id3 6 1585514495.7722611 1585514511.138186
id1 9 1585514503.0830681 1585514519.8549542
id2 1 1585514512.3494215 1585514524.2854023
id1 1 1585514522.5198433 1585514525.0351393
