id4 4 1585514395.6194162 1585514403.3488317
id4 6 1585514401.0555863 1585514403.8639603
id3 1 1585514403.157404 1585514404.7343285
id1 4 1585514403.26652 1585514413.9465826
id1 3 1585514409.7241192 1585514424.877179
id0 1 1585514409.9710884 1585514425.1266232
id3 6 1585514414.0293534 1585514429.1642232
id0 3 1585514418.613454 1585514429.3037393
id4 3 1585514423.7260153 1585514431.3471668
id4 8 1585514428.6483681 1585514436.1877875
id3 3 1585514434.1041517 1585514458.5023835
id4 9 1585514457.999649 1585514495.7924976
id0 3 1585514476.4002874 1585514495.7924984
id4 2 1585514481.8299499 1585514503.276614
id3 9 1585514489.993327 1585514511.138185
id0 8 1585514494.9530518 1585514511.1381865
id0 3 1585514502.6661117 1585514519.8549528
id0 2 1585514502.7482862 1585514519.8549547
id0 3 1585514510.4527793 1585514524.2854018
id3 5 1585514510.5458496 1585514534.6239088
id1 9 1585514527.1047187 1585514534.6239095
id1 6 1585514528.0421124 1585514549.2296383
id1 7 1585514535.5454612 1585514549.2296388
id3 5 1585514535.6637318 1585514560.8928127
id4 7 1585514546.6024318 1585514560.8928132
id0 2 1585514546.6883955 1585514567.3355753
id1 4 1585514554.0765939 1585514567.3355758
id1 3 1585514564.168092 1585514581.4357386
id1 2 1585514564.2464685 1585514581.435739
id1 1 1585514554.2708445 1585514581.4357398
id1 6 1585514564.4279852 1585514581.4357405
id1 2 1585514564.6036325 1585514589.0497046
id3 6 1585514570.8734581 1585514589.0497048
id1 10 1585514571.1110284 1585514598.9357016
id3 5 1585514586.1892424 1585514598.935702
id0 4 1585514586.3761835 1585514612.8866124
id4 7 1585514597.8366883 1585514612.8866127
id0 8 1585514598.0151696 1585514624.0158527
id0 8 1585514611.6857612 1585514653.806203
id4 6 1585514624.5213473 1585514653.8062053
id1 7 1585514637.6194384 1585514669.9393375
id4 9 1585514647.67034 1585514686.6206517
id1 2 1585514664.3044531 1585514700.9332035
id1 7 1585514680.5450513 1585514715.9151466
id3 7 1585514693.9539807 1585514729.7526855
id3 6 1585514709.202685 1585514729.7526858
id0 7 1585514709.2840922 1585514745.6324406
id4 9 1585514725.4392302 1585514759.772067
id0 4 1585514738.1987536 1585514759.7720706
id4 6 1585514738.500259 1585514759.7720711
id1 10 1585514738.6475 1585514784.4661472
id4 6 1585514751.4289718 1585514784.4661486
id4 8 1585514751.5177302 1585514790.309984
id3 2 1585514770.490423 1585514790.3099856
id1 10 1585514785.070532 1585514814.6414602
id0 4 1585514785.837925 1585514814.6414607
id4 8 1585514786.4001188 1585514836.0078068
id1 2 1585514798.4809227 1585514836.0078084
id3 8 1585514815.2678337 1585514836.007809
id0 7 1585514815.312807 1585514863.402544
id1 3 1585514838.83473 1585514893.172141
id0 10 1585514861.0247695 1585514893.1721427
id3 2 1585514884.6932995 1585514906.1688266
id3 9 1585514904.707063 1585514939.4371884
id3 4 1585514920.5159056 1585514939.4371908
id0 7 1585514938.0840895 1585514961.1382394
id0 5 1585514958.3196695 1585514961.13824
id3 1 1585514958.5982869 1585514961.1382406
id1 6 1585514958.7298694 1585514961.1382408
id0 7 1585514958.8367124 1585514961.1382413
id3 5 1585514959.0026634 1585515014.3745642
id0 7 1585514976.3205545 1585515040.5881057
id0 10 1585514994.9869657 1585515040.5881064
id1 8 1585514995.071299 1585515040.588108
id0 4 1585515010.9023716 1585515040.5881085
id0 4 1585515011.1491554 1585515053.8839595
id0 6 1585515011.178346 1585515053.8839612
id0 6 1585515032.7484524 1585515053.8839617
id4 6 1585515053.377326 1585515063.1781113
id0 9 1585515053.465982 1585515063.1781118
id1 4 1585515053.521208 1585515063.1781123
id0 9 1585515053.5763738 1585515087.195865
id4 7 1585515069.8091958 1585515087.1958652
id4 7 1585515070.0203037 1585515087.1958656
id1 2 1585515070.237634 1585515103.0703294
id0 8 1585515099.1407475 1585515153.2269535
id3 8 1585515123.55291 1585515166.1875906
id0 6 1585515147.3526325 1585515166.1875927
id1 5 1585515160.8882368 1585515180.7584105
id1 4 1585515161.4835434 1585515180.7584107
id1 6 1585515161.2849479 1585515180.758411
