id2 6 1585514395.6282668 1585514396.6516986
id4 8 1585514396.5136955 1585514397.0947738
id0 9 1585514396.653638 1585514397.0947754
id2 10 1585514396.7087939 1585514397.094777
id1 8 1585514396.7742736 1585514397.094781
id1 8 1585514396.7742736 1585514398.4858944
id2 9 1585514396.9998808 1585514398.4858954
id2 7 1585514397.1367064 1585514403.3488312
id4 5 1585514397.4231627 1585514403.8639574
id0 7 1585514398.8580332 1585514404.73433
id4 8 1585514403.4697137 1585514404.7343307
id1 3 1585514403.9237192 1585514407.6881623
id1 7 1585514406.7195282 1585514413.9465818
id1 9 1585514409.621344 1585514424.8771782
id1 3 1585514409.7647204 1585514424.8771796
id4 8 1585514413.593908 1585514424.8771799
id2 4 1585514417.9564788 1585514425.1266236
id0 6 1585514418.2138453 1585514425.1266243
id0 4 1585514418.3775876 1585514429.1642227
id2 9 1585514418.4235177 1585514429.1642246
id0 5 1585514418.3174691 1585514429.3037395
id4 9 1585514421.470477 1585514431.3471673
id0 9 1585514421.5443063 1585514436.187788
id1 6 1585514434.3733666 1585514436.1877885
id4 2 1585514434.4816234 1585514436.187789
id2 8 1585514434.6017065 1585514458.502382
id2 10 1585514439.9452355 1585514458.5023828
id4 3 1585514446.2753828 1585514470.3769555
id4 8 1585514455.800856 1585514473.7868676
id2 1 1585514449.33106 1585514473.7868693
id2 7 1585514461.5019252 1585514477.5867796
id4 3 1585514467.8852847 1585514477.5867798
id1 3 1585514468.3292885 1585514477.5867803
id2 2 1585514455.9216595 1585514490.1614423
id0 3 1585514468.8247926 1585514495.7924984
id2 1 1585514480.3138418 1585514519.8549535
id2 10 1585514503.0386581 1585514524.285402
id2 6 1585514511.736577 1585514524.2854025
id0 9 1585514517.4874744 1585514524.2854028
id0 10 1585514517.5764754 1585514525.0351346
id2 1 1585514517.6055834 1585514525.0351396
id2 9 1585514522.8744977 1585514534.623908
id2 2 1585514522.9857507 1585514534.6239097
id2 10 1585514532.9065223 1585514534.62391
id0 4 1585514533.0308383 1585514549.2296362
id4 5 1585514533.116062 1585514560.8928115
id0 5 1585514538.7534788 1585514567.3355744
id0 2 1585514551.9159756 1585514589.0497034
id0 4 1585514566.2331827 1585514598.9357
id1 9 1585514576.4410484 1585514612.8866107
id0 4 1585514587.7335532 1585514624.0158513
id1 6 1585514598.067934 1585514636.8306544
id4 3 1585514612.3419015 1585514636.830657
id2 8 1585514641.1940708 1585514669.9393396
id2 2 1585514666.5907922 1585514700.933204
id1 4 1585514681.028024 1585514715.9151452
id4 2 1585514693.5987391 1585514715.9151459
id4 2 1585514693.9097538 1585514729.7526863
id2 8 1585514710.3501425 1585514745.6324394
id2 7 1585514724.378161 1585514745.63244
id0 9 1585514724.8074176 1585514784.4661396
id0 3 1585514740.4697015 1585514784.46615
id0 5 1585514754.5119302 1585514790.309985
id2 1 1585514774.648761 1585514814.6414611
id2 5 1585514791.02806 1585514836.0078075
id1 3 1585514813.25911 1585514836.007808
id0 7 1585514813.3748033 1585514854.2837832
id2 8 1585514821.1710823 1585514854.283784
id0 6 1585514837.7891502 1585514854.2837842
id4 7 1585514837.8957646 1585514854.283785
id1 8 1585514837.9841173 1585514863.4025424
id4 6 1585514838.1626675 1585514863.4025428
id0 5 1585514838.2599452 1585514863.4025433
id4 1 1585514838.4301274 1585514863.4025438
id4 6 1585514840.6784992 1585514883.8137617
id0 1 1585514839.6866236 1585514883.8137627
id4 1 1585514860.4914856 1585514883.813763
