id3 9 1585514395.6004174 1585514403.348831
id0 6 1585514397.3638003 1585514403.3488324
id0 2 1585514398.8692656 1585514403.8639598
id4 5 1585514401.5944626 1585514407.6881628
id3 1 1585514406.8345733 1585514424.8771791
id2 10 1585514409.9332561 1585514425.1266222
id2 8 1585514413.8809445 1585514429.1642241
id0 9 1585514419.7944098 1585514429.3037388
id2 7 1585514423.6710722 1585514431.347168
id2 2 1585514429.443167 1585514436.1877892
id2 6 1585514447.910615 1585514470.376956
id2 5 1585514453.0695088 1585514473.786869
id0 10 1585514458.020325 1585514477.586779
id3 3 1585514466.2024982 1585514490.1614428
id4 4 1585514475.2647762 1585514490.1614432
id0 3 1585514475.3933656 1585514490.161444
id4 5 1585514475.5630019 1585514503.2766128
id0 6 1585514493.7175145 1585514503.2766151
id2 9 1585514485.6488848 1585514511.1381855
id4 10 1585514493.841717 1585514519.854954
id3 2 1585514503.1738327 1585514525.0351353
id0 7 1585514521.4305346 1585514549.2296371
id2 3 1585514534.5879662 1585514560.8928118
id2 10 1585514545.079456 1585514567.3355749
id4 4 1585514552.729245 1585514589.0497038
id3 6 1585514568.521709 1585514598.9357004
id2 6 1585514582.9177427 1585514612.8866115
id3 8 1585514595.9780147 1585514624.0158517
id3 7 1585514602.9514987 1585514624.015852
id0 4 1585514603.3652544 1585514636.8306556
id3 3 1585514617.0529318 1585514636.830656
id3 9 1585514617.3598833 1585514653.8062034
id3 6 1585514626.993435 1585514653.8062038
id3 5 1585514640.5630755 1585514669.9393384
id4 10 1585514651.4331162 1585514669.9393392
id2 5 1585514662.3123083 1585514686.6206503
id4 10 1585514662.3853152 1585514686.6206508
id0 5 1585514662.5344183 1585514686.6206512
id3 7 1585514673.2464795 1585514700.933202
id2 3 1585514662.6458626 1585514700.9332027
id3 5 1585514673.4622884 1585514700.9332047
id0 3 1585514683.2720327 1585514715.915147
id0 1 1585514698.8558474 1585514715.9151475
id4 2 1585514699.1065814 1585514729.7526865
id3 7 1585514714.5288303 1585514745.6324413
id0 6 1585514726.6641014 1585514759.7720718
id3 9 1585514755.994917 1585514790.3099847
id2 2 1585514794.6944866 1585514854.2837825
id2 3 1585514815.684863 1585514883.8137622
id3 10 1585514863.1282237 1585514893.1721423
id0 3 1585514884.468818 1585514906.1688247
id2 3 1585514904.1274009 1585514906.1688254
id3 10 1585514904.2818358 1585514906.1688259
id0 1 1585514904.496089 1585514906.1688263
id2 10 1585514904.6036937 1585514924.6602151
id0 3 1585514904.6869524 1585514939.4371889
id4 7 1585514922.4431834 1585514950.7454576
id2 7 1585514941.9207106 1585514950.7454584
id3 5 1585514942.1232119 1585514950.7454593
id4 7 1585514942.4654279 1585514950.7454598
id3 10 1585514942.785002 1585514988.353647
id0 6 1585514959.661871 1585515014.374563
id3 10 1585514974.164892 1585515014.3745644
id2 3 1585514993.0138648 1585515014.374565
id0 3 1585514993.1326869 1585515014.3745654
id2 2 1585515010.512208 1585515053.8839602
id0 10 1585515012.0154047 1585515053.8839607
id2 9 1585515054.876797 1585515063.1781127
id4 2 1585515055.3558261 1585515103.0703266
id3 2 1585515076.923659 1585515134.0194542
id0 8 1585515100.8460574 1585515153.2269545
id3 3 1585515130.672243 1585515166.1875913
id0 10 1585515154.6756346 1585515166.187592
id3 2 1585515155.127702 1585515166.1875925
id4 1 1585515155.429276 1585515180.7584114
id4 6 1585515176.7354705 1585515180.758412
id0 6 1585515176.8939033 1585515234.5352445
id4 7 1585515192.351456 1585515234.535245
id4 8 1585515210.7733402 1585515234.5352457
id0 1 1585515210.8747487 1585515234.5352461
id3 7 1585515211.0106978 1585515234.5352464
id4 1 1585515211.220866 1585515248.6538599
id0 4 1585515233.344957 1585515248.65386
id2 5 1585515233.4871206 1585515248.6538606
