id1 100 1585514394.9001138 1585514396.6516938
id2 100 1585514394.9787962 1585514396.6516945
id3 100 1585514395.2323384 1585514396.651698
id4 100 1585514395.5428843 1585514396.6516984
id2 8 1585514397.8887146 1585514403.8639593
id2 5 1585514401.027695 1585514407.6881618
id1 5 1585514406.3990238 1585514413.9465823
id4 6 1585514414.3759463 1585514429.1642237
id4 3 1585514419.725592 1585514429.303739
id4 4 1585514423.782111 1585514431.3471663
id3 8 1585514427.2524006 1585514435.9025135
id4 7 1585514430.503559 1585514435.9025142
id4 8 1585514430.6502252 1585514435.9025145
id1 2 1585514443.161383 1585514470.3769543
id3 3 1585514443.3554301 1585514470.3769548
id4 5 1585514448.0692513 1585514470.3769562
id3 10 1585514455.6406493 1585514473.7868683
id4 9 1585514462.9529078 1585514477.5867808
id2 1 1585514469.9138653 1585514495.792498
id1 3 1585514477.4702795 1585514503.2766135
id4 3 1585514483.765602 1585514511.1381843
id4 1 1585514512.5847907 1585514525.035136
id1 2 1585514521.842265 1585514549.2296379
id4 6 1585514534.8291578 1585514560.8928108
id2 1 1585514535.6534739 1585514567.3355734
id3 1 1585514548.4833813 1585514581.4357378
id2 5 1585514558.7558548 1585514589.049704
id4 6 1585514569.4357035 1585514598.935701
id2 4 1585514585.0200677 1585514612.886612
id3 10 1585514597.209876 1585514624.0158525
id4 9 1585514609.57482 1585514636.8306565
id4 3 1585514623.6284156 1585514653.8062043
id3 2 1585514635.5866325 1585514669.939338
id2 4 1585514649.0713074 1585514686.620652
id3 5 1585514684.8244169 1585514729.7526846
id2 1 1585514701.303499 1585514745.6324382
id2 10 1585514716.468264 1585514759.7720664
id2 7 1585514735.803978 1585514784.466144
id1 6 1585514765.6865218 1585514790.3099852
id2 8 1585514779.528266 1585514814.6414618
id3 2 1585514793.741717 1585514814.6414623
id3 8 1585514816.1717522 1585514883.8137612
id4 8 1585514840.8287358 1585514893.1721418
id3 3 1585514876.0249815 1585514893.1721435
id1 7 1585514889.6546133 1585514924.6602156
id1 1 1585514912.964561 1585514924.660216
id1 5 1585514913.2245452 1585514924.6602166
id4 6 1585514913.9745002 1585514924.6602168
id2 8 1585514930.4266646 1585514939.4371896
id1 5 1585514930.7473514 1585514939.43719
id1 4 1585514931.6795402 1585514950.7454603
id3 6 1585514948.9787326 1585514988.353648
id1 3 1585514968.8295658 1585514988.3536484
id1 6 1585514969.4468026 1585514988.353649
id1 10 1585514970.0494637 1585514988.3536496
id4 7 1585514970.8490303 1585515040.5881073
id4 10 1585515028.925221 1585515063.178113
id2 5 1585515062.7251613 1585515087.195864
id3 8 1585515063.1887584 1585515087.1958647
id1 8 1585515088.6811922 1585515103.0703273
id3 8 1585515088.8277166 1585515103.070328
id2 1 1585515089.5678315 1585515103.070329
id4 9 1585515090.1494725 1585515134.0194552
id2 5 1585515107.0229583 1585515134.0194557
id4 3 1585515107.5057135 1585515134.0194566
id2 2 1585515107.990254 1585515134.019457
id3 3 1585515108.6173317 1585515153.226955
id3 5 1585515131.3365395 1585515153.226956
id4 2 1585515131.7927318 1585515153.2269564
id3 8 1585515159.5919123 1585515211.6735497
id1 4 1585515186.4265604 1585515211.6735506
id1 2 1585515186.8965895 1585515211.6735513
id3 6 1585515187.9379802 1585515211.673552
id1 9 1585515188.3186147 1585515211.6735528
id2 4 1585515189.016568 1585515248.6538591
id2 2 1585515224.837512 1585515248.6538608
